719 38
467 41
216 45
196 48
945 51
693 54
673 58
422 61
170 64
151 68
899 71
648 74
628 77
376 81
125 84
105 87
854 90
602 94
582 97
331 100
79 103
60 107
808 110
556 113
537 116
285 120
34 123
14 126
762 130
511 133
491 136
240 139
988 143
968 146
717 149
465 152
446 156
194 159
942 162
923 165
671 169
420 172
400 175
149 179
897 182
645 185
626 188
374 192
123 195
103 198
851 201
600 205
580 208
329 211
77 214
57 218
806 221
554 224
535 228
283 231
31 234
12 237
760 241
509 244
489 247
237 250
986 254
966 257
715 260
463 263
444 267
192 270
940 273
921 277
669 280
418 283
398 286
146 290
895 293
875 296
624 299
372 303
352 306
101 309
849 312
830 316
578 319
326 322
307 325
55 329
804 332
784 335
532 339
281 342
261 345
10 348
758 352
738 355
487 358
235 361
216 365
964 368
713 371
693 374
441 378
190 381
170 384
919 388
667 391
415 394
396 397
144 401
893 404
873 407
621 410
370 414
350 417
99 420
847 423
827 427
576 430
324 433
305 437
53 440
801 443
782 446
530 450
279 453
259 456
7 459
756 463
736 466
485 469
233 472
214 476
962 479
710 482
691 486
439 489
188 492
168 495
916 499
665 502
645 505
394 508
142 512
122 515
871 518
619 521
600 525
348 528
96 531
77 534
825 538
574 541
554 544
302 548
51 551
31 554
780 557
528 561
508 564
257 567
5 570
986 574
734 577
483 580
463 583
211 587
960 590
708 593
689 597
437 600
185 603
166 606
914 610
663 613
643 616
391 619
140 623
120 626
869 629
617 632
597 636
346 639
94 642
75 646
823 649
571 652
552 655
300 659
49 662
29 665
777 668
526 672
506 675
255 678
3 681
984 685
732 688
480 691
461 695
209 698
958 701
938 704
686 708
435 711
415 714
164 717
912 721
892 724
641 727
389 730
370 734
118 737
866 740
847 743
595 747
344 750
324 753
72 757
821 760
801 763
550 766
298 770
278 773
27 776
775 779
756 783
504 786
253 789
233 792
981 796
730 799
478 802
459 806
207 809
955 812
936 815
684 819
433 822
413 825
161 828
910 832
890 835
639 838
387 841
367 845
116 848
864 851
845 855
593 858
341 861
322 864
70 868
819 871
799 874
547 877
296 881
276 884
25 887
773 890
754 894
502 897
250 900
231 903
979 907
728 910
708 913
456 917
205 920
185 923
934 926
682 930
662 933
411 936
159 939
140 943
888 946
636 949
617 952
365 956
114 959
94 962
842 966
591 969
571 972
320 975
68 979
49 982
797 985
545 988
526 992
274 995
23 998
3 1
751 5
500 8
248 11
229 15
977 18
725 21
706 24
454 28
203 31
183 34
931 37
680 41
660 44
409 47
157 50
137 54
886 57
634 60
615 64
363 67
111 70
92 73
840 77
589 80
569 83
318 86
66 90
46 93
795 96
543 99
524 103
272 106
20 109
1 112
749 116
498 119
478 122
226 126
975 129
955 132
704 135
452 139
432 142
181 145
929 148
910 152
658 155
406 158
387 161
135 165
884 168
864 171
612 175
361 178
341 181
90 184
838 188
819 191
567 194
315 197
296 201
44 204
793 207
541 210
521 214
270 217
18 220
999 224
747 227
495 230
476 233
224 237
973 240
953 243
701 246
450 250
430 253
179 256
927 259
907 263
656 266
404 269
385 273
133 276
881 279
862 282
610 286
359 289
339 292
88 295
836 299
816 302
565 305
313 308
294 312
42 315
790 318
771 321
519 325
268 328
248 331
996 335
745 338
725 341
474 344
222 348
202 351
951 354
699 357
680 361
428 364
176 367
157 370
905 374
654 377
634 380
382 384
131 387
111 390
860 393
608 397
589 400
337 403
85 406
66 410
814 413
563 416
311 419
291 423
40 426
788 429
769 433
517 436
265 439
246 442
994 446
743 449
723 452
471 455
220 459
200 462
949 465
697 468
677 472
426 475
174 478
155 482
903 485
651 488
632 491
380 495
129 498
109 501
858 504
606 508
586 511
335 514
83 517
64 521
812 524
560 527
541 530
289 534
38 537
18 540
766 544
515 547
495 550
244 553
992 557
972 560
721 563
469 566
450 570
198 573
946 576
927 579
675 583
424 586
404 589
152 593
901 596
881 599
630 602
378 606
359 609
107 612
855 615
604 619
584 622
333 625
81 628
61 632
810 635
558 638
539 642
287 645
35 648
16 651
764 655
513 658
493 661
241 664
990 668
970 671
719 674
467 677
447 681
196 684
944 687
925 691
673 694
422 697
402 700
150 704
899 707
879 710
628 713
376 717
356 720
105 723
853 726
834 730
582 733
330 736
311 739
59 743
808 746
788 749
536 753
285 756
265 759
14 762
762 766
742 769
491 772
239 775
220 779
968 782
716 785
697 788
445 792
194 795
174 798
923 802
671 805
651 808
400 811
148 815
129 818
877 821
625 824
374 828
354 831
103 834
851 837
831 841
580 844
328 847
309 851
57 854
805 857
786 860
534 864
283 867
263 870
11 873
760 877
740 880
489 883
237 886
217 890
966 893
714 896
695 900
443 903
192 906
172 909
920 913
669 916
649 919
398 922
146 926
126 929
875 932
623 935
604 939
352 942
100 945
81 948
829 952
578 955
558 958
306 962
55 965
35 968
784 971
532 975
512 978
261 981
9 984
990 988
738 991
486 994
467 997
215 1
964 4
944 7
693 11
441 14
421 17
170 20
918 24
667 27
647 30
395 33
144 37
124 40
873 43
621 46
601 50
350 53
98 56
79 60
827 63
575 66
556 69
304 73
53 76
33 79
781 82
530 86
510 89
259 92
7 95
987 99
736 102
484 105
465 108
213 112
962 115
942 118
690 122
439 125
419 128
168 131
916 135
896 138
645 141
393 144
374 148
122 151
870 154
851 157
599 161
348 164
328 167
76 171
825 174
805 177
554 180
302 184
282 187
31 190
779 193
760 197
508 200
256 203
237 206
985 210
734 213
714 216
463 220
211 223
191 226
940 229
688 233
437 236
417 239
165 242
914 246
894 249
643 252
391 255
371 259
120 262
868 265
849 269
597 272
345 275
326 278
74 282
823 285
803 288
551 291
300 295
280 298
29 301
777 304
757 308
506 311
254 314
235 317
983 321
732 324
712 327
460 331
209 334
189 337
938 340
686 344
666 347
415 350
163 353
144 357
892 360
640 363
621 366
369 370
118 373
98 376
846 380
595 383
575 386
324 389
72 393
52 396
801 399
549 402
530 406
278 409
27 412
7 415
755 419
504 422
484 425
233 429
981 432
729 435
710 438
458 442
207 445
187 448
935 451
684 455
664 458
413 461
161 464
141 468
890 471
638 474
619 478
367 481
115 484
96 487
844 491
593 494
573 497
321 500
70 504
50 507
799 510
547 513
528 517
276 520
24 523
5 526
753 530
502 533
482 536
230 540
979 543
959 546
708 549
456 553
436 556
185 559
933 562
914 566
662 569
410 572
391 575
139 579
888 582
868 585
616 589
365 592
345 595
94 598
842 602
822 605
571 608
319 611
300 615
48 618
797 621
777 624
525 628
274 631
254 634
3 638
751 641
499 644
480 647
228 651
977 654
957 657
705 660
454 664
434 667
183 670
931 673
911 677
660 680
408 683
389 687
137 690
885 693
866 696
614 700
363 703
343 706
91 709
840 713
820 716
569 719
317 722
298 726
46 729
794 732
775 735
523 739
272 742
252 745
0 749
749 752
729 755
478 758
226 762
206 765
955 768
703 771
684 775
432 778
180 781
161 784
909 788
658 791
638 794
386 798
135 801
115 804
864 807
612 811
592 814
341 817
89 820
70 824
818 827
567 830
547 833
295 837
44 840
24 843
773 847
521 850
269 853
250 856
998 860
747 863
727 866
475 869
224 873
204 876
953 879
701 882
681 886
430 889
178 892
159 896
907 899
655 902
636 905
384 909
133 912
113 915
861 918
610 922
590 925
339 928
87 931
68 935
816 938
564 941
545 944
293 948
42 951
22 954
770 958
519 961
499 964
248 967
996 971
976 974
725 977
473 980
454 984
202 987
950 990
931 993
679 997
428 0
408 3
156 7
905 10
885 13
634 16
382 20
362 23
111 26
859 29
840 33
588 36
337 39
317 42
65 46
814 49
562 52
543 56
291 59
39 62
20 65
768 69
517 72
497 75
245 78
994 82
974 85
723 88
471 91
451 95
200 98
948 101
929 104
677 108
425 111
406 114
154 118
903 121
883 124
631 127
380 131
360 134
109 137
857 140
838 144
586 147
334 150
315 153
63 157
812 160
792 163
540 167
289 170
269 173
18 176
766 180
746 183
495 186
243 189
224 193
972 196
720 199
701 202
449 206
198 209
178 212
926 216
675 219
655 222
404 225
152 229
133 232
881 235
629 238
610 242
358 245
107 248
87 251
835 255
584 258
332 261
313 265
61 268
809 271
790 274
538 278
287 281
267 284
15 287
764 291
744 294
493 297
241 300
